die = -1
hspeed = (0.69999999999999996 + random(0.29999999999999999)) * choose(-1, 1);
vspeed = (random(-1) - 1)
gravity = 0.20000000000000001
gravity_direction = 270